6.864629629629629
9.58611111111111
6.047962962962963
6.595370370370371
7.4366666666666665
5.834444444444444
5.576666666666667
7.943333333333333
5.321851851851852
5.677222222222222
6.509074074074074
6.113518518518519
7.566481481481482
5.192962962962963
6.647962962962963
5.587407407407407
6.061851851851852
7.002037037037037
5.275185185185185
5.875
8.722962962962963
6.006851851851851
5.409814814814815
4.83962962962963
5.411296296296296
4.492407407407407
5.098888888888889
4.139074074074074
4.181666666666667
4.937962962962963
4.0183333333333335
5.81
4.056111111111111
4.218703703703704
4.333148148148148
6.151851851851852
4.083888888888889
3.964814814814815
4.156666666666666
5.985
4.477037037037037
3.6283333333333334
4.067222222222222
3.3574074074074076
3.528703703703704
3.757037037037037
4.107222222222222
3.3724074074074073
3.459814814814815
3.72
3.56037037037037
3.4896296296296296
3.14
3.4464814814814817
3.6296296296296298
2.8627777777777776
3.696111111111111
3.7266666666666666
3.6164814814814816
3.1844444444444444
3.303148148148148
3.351111111111111
3.3474074074074074
3.169814814814815
3.1635185185185186
3.2312962962962963
2.872777777777778
2.701111111111111
2.8068518518518517
2.9448148148148148
3.0935185185185183
2.571111111111111
2.737222222222222
2.892962962962963
2.579074074074074
2.487962962962963
2.8668518518518518
2.4944444444444445
2.5859259259259257
2.585
2.8835185185185184
2.5501851851851853
2.5727777777777776
2.4762962962962964
2.659074074074074
2.904074074074074
2.9737037037037037
2.6105555555555555
2.940185185185185
2.527037037037037
2.456111111111111
2.5194444444444444
2.3740740740740742
2.5264814814814813
2.4277777777777776
2.2625925925925925
2.716666666666667
2.548888888888889
2.837222222222222
2.2914814814814815
