37069
51765
32659
35615
40158
31506
30114
42894
28738
30657
35149
33013
40859
28042
35899
30172
32734
37811
28486
31725
47104
32437
29213
26134
29221
24259
27534
22351
22581
26665
21699
31374
21903
22781
23399
33220
22053
21410
22446
32319
24176
19593
21963
18130
19055
20288
22179
18211
18683
20088
19226
18844
16956
18611
19600
15459
19959
20124
19529
17196
17837
18096
18076
17117
17083
17449
15513
14586
15157
15902
16705
13884
14781
15622
13927
13435
15481
13470
13964
13959
15571
13771
13893
13372
14359
15682
16058
14097
15877
13646
13263
13605
12820
13643
13110
12218
14670
13764
15321
12374
