-24245.0
-37864.0
-20414.0
-23680.0
-28505.0
-19501.0
-18514.0
-28127.0
-17422.0
-19391.0
-24320.0
-21264.0
-27389.0
-16441.0
-21958.0
-18560.0
-21073.0
-25055.0
-17052.0
-20508.0
-32439.0
-20335.0
-16707.0
-15056.0
-18613.0
-14612.0
-17079.0
-12131.0
-12470.0
-15273.0
-11926.0
-18978.0
-12211.0
-13044.0
-12651.0
-18743.0
-11637.0
-11575.0
-13080.0
-19013.0
-13207.0
-9889.0
-12193.0
-9361.0
-10304.0
-10194.0
-11559.0
-9257.0
-9117.0
-10681.0
-9750.0
-9375.0
-8577.0
-9187.0
-8476.0
-6719.0
-8320.0
-10477.0
-9896.0
-8011.0
-7264.0
-8906.0
-8979.0
-8529.0
-8463.0
-8024.0
-6625.0
-6607.0
-6100.0
-7212.0
-7452.0
-6261.0
-5640.0
-6567.0
-6134.0
-5901.0
-6685.0
-5455.0
-5205.0
-5971.0
-5658.0
-6171.0
-5715.0
-5224.0
-5415.0
-6253.0
-6658.0
-5407.0
-6965.0
-5314.0
-5085.0
-5505.0
-5239.0
-4700.0
-5465.0
-5282.0
-5952.0
-5025.0
-4522.0
-5482.0
